0.5 0.0 11099727.282428313
0.5099999905 0.0 8136000.686890779
0.5199999809 0.0 7393160.3559748
0.5299999714 0.0 7348360.757528833
0.5400000215 0.0 6938757.927753092
0.5500000119 0.0 6305633.954926498
0.5600000024 0.0 6831589.63309063
0.5699999928 0.0 6458256.763525022
0.5799999833 0.0 5667065.62762636
0.5899999738 0.0 6303260.734006626
0.6000000238 0.0 5406580.973198458
0.6100000143 0.0 5804096.960612729
0.6200000048 0.0 5194539.154724674
0.6299999952 0.0 7850546.106941338
0.6399999857 0.0 4608034.533250887
0.6499999762 0.0 26508059.005812455
0.6600000262 0.0 6016311.775585518
0.6700000167 0.0 5076714.507375019
0.6800000072 0.0 4975970.83299262
0.6899999976 0.0 4226601.285811804
0.6999999881 0.0 12652095.150423286
0.7099999785 0.0 4809991.882650513
0.7200000286 0.0 4048933.9785739635
0.7300000191 0.0 23128450.26579743
0.7400000095 0.0 13568531.632835705
0.75 0.0 4313762.221383926
0.7599999905 0.0 14398414.588650625
0.7699999809 0.0 42784032.49037604
0.7799999714 0.0 13624489.091019114
0.7900000215 0.0 12125146.863878429
0.8000000119 0.0 7791624.835066651
0.8100000024 0.0 12236103.749684399
0.8199999928 0.0 21868622.358544108
0.8299999833 0.0 36912786.59929738
0.8399999738 0.0 20707309.93967516
0.8500000238 0.0 23886890.111464713
0.8600000143 0.0 32667920.5459708
0.8700000048 0.0 56016196.39365423
0.8799999952 0.0 29102683.09260644
0.8899999857 0.0 30760206.20078429
0.8999999762 0.0 46067791.92959247
0.9100000262 0.0 32533297.254604936
0.9200000167 0.0 98173667.31935042
0.9300000072 0.0 30612299.84261999
0.9399999976 0.0 37779405.00952319
0.9499999881 0.0 34483230.283601135
0.9599999785 0.0 43100864.397460364
0.9700000286 0.0 110222717.54309125
0.9800000191 0.0 16417034.625064615
0.9900000095 0.0 34267831.15112861
1.0 0.0 46779256.578917965
1.00999999 0.0 92405007.61525142
1.019999981 0.0 45098305.38198686
1.029999971 0.0 16227868.605831828
1.039999962 0.0 33642071.688001186
1.049999952 0.0 52708217.10282064
1.059999943 0.0 34393853.27118485
1.070000052 0.0 14945094.542279359
1.080000043 0.0 21890597.103393644
1.090000033 0.0 17310522.02764779
1.100000024 0.0 14095251.306149483
1.110000014 0.0 11144283.107379861
1.120000005 0.0 7785338.820317386
1.129999995 0.0 23419553.047974613
1.139999986 0.0 3394837.352271631
1.149999976 0.0 9330989.16689454
1.159999967 0.0 7624854.891637395
1.169999957 0.0 9070847.35333025
1.179999948 0.0 4515834.686881677
1.190000057 0.0 3756877.3219373673
1.200000048 0.0 4633817.68407008
1.210000038 0.0 3364244.5721540083
1.220000029 0.0 2975086.4337730454
1.230000019 0.0 3032434.2320797723
1.24000001 0.0 5236002.0888098115
1.25 0.0 2937317.5787069835
1.25999999 0.0 6891924.041605443
1.269999981 0.0 2386998.6870671245
1.279999971 0.0 5112293.03493478
1.289999962 0.0 2611026.314037179
1.299999952 0.0 4960115.030331103
1.309999943 0.0 11530069.315735713
1.320000052 0.0 3616622.7127841003
1.330000043 0.0 4285454.028496858
1.340000033 0.0 4628251.636403044
1.350000024 0.0 10759974.706022767
1.360000014 0.0 3978369.767643292
1.370000005 0.0 5207138.789475421
1.379999995 0.0 5389733.470147303
1.389999986 0.0 2212559.3963258546
1.399999976 0.0 1487589.614251033
1.409999967 0.0 3218750.9292853125
1.419999957 0.0 3623545.7894809293
1.429999948 0.0 1316663.7376615857
1.440000057 0.0 2086349.0651509848
1.450000048 0.0 4595749.4274940975
1.460000038 0.0 1164876.7808620792
1.470000029 0.0 21641052.93613951
1.480000019 0.0 1390092.9424507152
1.49000001 0.0 3606838.9137211475
1.5 0.0 1071697.9155520773
1.50999999 0.0 1211885.9343180999
1.519999981 0.0 1474487.0199496655
1.529999971 0.0 896918.1827081847
1.539999962 0.0 865613.2119539134
1.549999952 0.0 1502964.1236453156
1.559999943 0.0 1244520.7852610147
1.570000052 0.0 1828239.6054684487
1.580000043 0.0 2124620.2901151255
1.590000033 0.0 919806.1139879307
1.600000024 0.0 1945731.2484178501
1.610000014 0.0 891454.3109687878
1.620000005 0.0 749051.646532281
1.629999995 0.0 683054.8617156609
1.639999986 0.0 697801.2781197832
1.649999976 0.0 645204.2705532663
1.659999967 0.0 1570159.6836265435
1.669999957 0.0 706894.0296345747
1.679999948 0.0 715153.0231947596
1.690000057 0.0 623471.2201415453
1.700000048 0.0 819914.4676527128
1.710000038 0.0 636144.3998501557
1.720000029 0.0 636874.6808874325
1.730000019 0.0 2527710.7408468737
1.74000001 0.0 2930622.38501652
1.75 0.0 552816.1547245501
1.75999999 0.0 555241.1008450836
1.769999981 0.0 531633.552983912
1.779999971 0.0 532422.6457674162
1.789999962 0.0 512362.79308810167
1.799999952 0.0 529807.7727268392
1.809999943 0.0 504412.26419516216
1.820000052 0.0 508107.99179416837
1.830000043 0.0 533491.1871663792
1.840000033 0.0 9404584.258757789
1.850000024 0.0 4023126.759256764
1.860000014 0.0 2158388.4378252327
1.870000005 0.0 16725493.30544841
1.879999995 0.0 768286.1827608318
1.889999986 0.0 439202.77765850414
1.899999976 0.0 435766.5291246502
1.909999967 0.0 425874.1952919376
1.919999957 0.0 421502.90440675215
1.929999948 0.0 409517.6387426605
1.940000057 0.0 403598.0291466424
1.950000048 0.0 419121.460325914
1.960000038 0.0 442161.31997859874
1.970000029 0.0 415983.0409941944
1.980000019 0.0 877209.3219440385
1.99000001 0.0 642878.702468174
2.0 0.0 5700144.892800838
2.00999999 0.0 10613408.067058545
2.019999981 0.0 384525.4838108307
2.029999971 0.0 382617.2418021276
2.039999962 0.0 372954.272128742
2.049999952 0.0 557166.4756478841
2.059999943 0.0 364612.19214557705
2.069999933 0.0 357739.218044667
2.079999924 0.0 352611.25334105454
2.089999914 0.0 348435.2575876089
2.099999905 0.0 343128.3519096546
2.109999895 0.0 340603.0019312882
2.119999886 0.0 370316.0485996453
2.130000114 0.0 472928.10216375627
2.140000105 0.0 365958.47055059153
2.150000095 0.0 400992.47454398766
2.160000086 0.0 371542.9485734525
2.170000076 0.0 308956.39933211537
2.180000067 0.0 2572353.3619079264
2.190000057 0.0 299777.425366671
2.200000048 0.0 295380.7694576677
2.210000038 0.0 316384.28038895444
2.220000029 0.0 287007.15651490324
2.230000019 0.0 340858.222743967
2.24000001 0.0 300502.56566393614
2.25 0.0 281264.832618345
2.25999999 0.0 270111.4552547182
2.269999981 0.0 296439.18712010304
2.279999971 0.0 271750.008020872
2.289999962 0.0 1023187.180081534
2.299999952 0.0 303078.0501468308
2.309999943 0.0 264538.88989341015
2.319999933 0.0 276517.45649811387
2.329999924 0.0 266478.4600085198
2.339999914 0.0 263112.8764676165
2.349999905 0.0 605662.8770497534
2.359999895 0.0 234330.04892638797
2.369999886 0.0 271364.0126615081
2.380000114 0.0 1762831.3434549663
2.390000105 0.0 248418.73142196765
2.400000095 0.0 234010.17066020184
2.410000086 0.0 217395.2901450498
2.420000076 0.0 234617.77363383397
2.430000067 0.0 2045581.647834555
2.440000057 0.0 338814.4604578545
2.450000048 0.0 1215560.4254670395
2.460000038 0.0 3875162.2081615604
2.470000029 0.0 212381.82072689835
2.480000019 0.0 209115.4433629774
2.49000001 0.0 207429.29401362292
2.5 0.0 203251.15981346118
2.50999999 0.0 659832.4298370072
2.519999981 0.0 205284.31814313523
2.529999971 0.0 194124.11707863788
2.539999962 0.0 192072.87548092913
2.549999952 0.0 188531.57970380207
2.559999943 0.0 190731.84559698618
2.569999933 0.0 379409.1853216606
2.579999924 0.0 181019.74810838964
2.589999914 0.0 225953.2658500912
2.599999905 0.0 213045.27734120688
2.609999895 0.0 186407.05861842577
2.619999886 0.0 920958.09658542
2.630000114 0.0 177917.86885631728
2.640000105 0.0 166192.14480302762
2.650000095 0.0 166247.44813239912
2.660000086 0.0 161641.82456005918
2.670000076 0.0 159455.91349982112
2.680000067 0.0 171482.7093532086
2.690000057 0.0 169191.23457039488
2.700000048 0.0 166900.11834441926
2.710000038 0.0 165788.97168733843
2.720000029 0.0 162439.1954593504
2.730000019 0.0 163356.16741246337
2.74000001 0.0 158115.6983847224
2.75 0.0 156000.1995651107
2.75999999 0.0 160471.08624320538
2.769999981 0.0 152117.6306910107
2.779999971 0.0 154202.89342081107
2.789999962 0.0 163296.17518320103
2.799999952 0.0 147194.17672029728
2.809999943 0.0 148669.41921917725
2.819999933 0.0 146292.05098811755
2.829999924 0.0 206465.89838054992
2.839999914 0.0 144868.56895280574
2.849999905 0.0 136563.81627585267
2.859999895 0.0 134662.62794500793
2.869999886 0.0 132875.678753641
2.880000114 0.0 525918.2994147422
2.890000105 0.0 129335.72942299375
2.900000095 0.0 127627.29760224922
2.910000086 0.0 125942.97167873899
2.920000076 0.0 124281.26290630357
2.930000067 0.0 122727.07859106631
2.940000057 0.0 121347.7464911324
2.950000048 0.0 120218.48257213234
2.960000038 0.0 144744.4699291158
2.970000029 0.0 124546.19640892615
2.980000019 0.0 118126.99656916085
2.99000001 0.0 113280.3404405043
3.0 0.0 111832.8382337758
3.00999999 0.0 110326.67122167262
3.019999981 0.0 121685.65361949643
3.029999971 0.0 235968.98126681466
3.039999962 0.0 108335.81756518385
3.049999952 0.0 116471.42603459062
3.059999943 0.0 107403.48523538238
3.069999933 0.0 105618.0959182993
3.079999924 0.0 103719.58939758774
3.089999914 0.0 102717.0862264116
3.099999905 0.0 280352.31299109565
3.109999895 0.0 202903.19946212563
3.119999886 0.0 143214.94184426678
3.130000114 0.0 159047.21669110854
3.140000105 0.0 308197.62952818174
3.150000095 0.0 101284.22796339494
3.160000086 0.0 92948.89151679682
3.170000076 0.0 89509.02058168485
3.180000067 0.0 93474.83936874113
3.190000057 0.0 87876.47629091672
3.200000048 0.0 86392.64154278574
3.210000038 0.0 85234.98434663714
3.220000029 0.0 84310.2905196493
3.230000019 0.0 84796.31332887815
3.24000001 0.0 83732.22023515681
3.25 0.0 82717.5350716571
3.25999999 0.0 81783.85418846985
3.269999981 0.0 82402.17764150714
3.279999971 0.0 99237.92987483833
3.289999962 0.0 80629.78915195623
3.299999952 0.0 78401.61120642688
3.309999943 0.0 76984.44209537667
3.319999933 0.0 85614.27855801757
3.329999924 0.0 75257.63308995201
3.339999914 0.0 73645.18922330199
3.349999905 0.0 80902.25621846996
3.359999895 0.0 71771.75759512577
3.369999886 0.0 70863.78934934273
3.380000114 0.0 69986.188873883
3.390000105 0.0 69083.93684593505
3.400000095 0.0 68206.1930767124
3.410000086 0.0 67486.53036860014
3.420000076 0.0 66585.53018113489
3.430000067 0.0 65653.9604520887
3.440000057 0.0 65312.87028041424
3.450000048 0.0 64012.09536699345
3.460000038 0.0 63230.62715767049
3.470000029 0.0 67781.94211681218
3.480000019 0.0 62204.66601434197
3.49000001 0.0 63469.10367883519
3.5 0.0 62685.15137283361
3.50999999 0.0 73606.88740515157
3.519999981 0.0 59213.62366030615
3.529999971 0.0 58267.514516646814
3.539999962 0.0 57537.55380771384
3.549999952 0.0 56816.06992886293
3.559999943 0.0 56106.58592192667
3.569999933 0.0 55403.55889646143
3.579999924 0.0 54823.88033420909
3.589999914 0.0 54099.445629968934
3.599999905 0.0 53882.21906776979
3.609999895 0.0 53216.359799478116
3.619999886 0.0 58937.11547193854
3.630000114 0.0 52220.744030791975
3.640000105 0.0 51457.72668493423
3.650000095 0.0 50116.33213079503
3.660000086 0.0 49491.29592194014
3.670000076 0.0 48871.62972203414
3.680000067 0.0 51964.3079417919
3.690000057 0.0 47656.21647582495
3.700000048 0.0 47404.54097815007
3.710000038 0.0 46477.065059339744
3.720000029 0.0 45899.49388029369
3.730000019 0.0 45330.03691489756
3.74000001 0.0 44765.45325287756
3.75 0.0 44208.953088172704
3.75999999 0.0 43671.54851026595
3.769999981 0.0 43154.47364619091
3.779999971 0.0 42639.71529518172
3.789999962 0.0 46381.7360648928
3.799999952 0.0 43296.55625314713
3.809999943 0.0 41021.56512940557
3.819999933 0.0 40986.42959001121
3.829999924 0.0 40022.65195060977
3.839999914 0.0 43482.784057662626
3.849999905 0.0 40589.23119419394
3.859999895 0.0 137320.92445514735
3.869999886 0.0 98799.92051049924
3.880000114 0.0 86362.34071500273
3.890000105 0.0 76882.17201007249
3.900000095 0.0 225623.25438742057
3.910000086 0.0 36515.72484469127
3.920000076 0.0 36600.719935273344
3.930000067 0.0 35812.46836397856
3.940000057 0.0 35788.784950825386
3.950000048 0.0 34688.87976916116
3.960000038 0.0 34554.31901340175
3.970000029 0.0 33703.199094051
3.980000019 0.0 33304.542565834636
3.99000001 0.0 32845.77002926142
4.0 0.0 32441.191105372844
4.010000229 0.0 32162.023687422858
4.019999981 0.0 31673.05441891239
4.03000021 0.0 31298.72276412902
4.039999962 0.0 30966.655786525458
4.050000191 0.0 30516.212056618744
4.059999943 0.0 30277.293994491753
4.070000172 0.0 30429.067672190147
4.079999924 0.0 29719.332113560497
4.090000153 0.0 29115.626905642497
4.099999905 0.0 29336.082903908155
4.110000134 0.0 29491.33836725893
4.119999886 0.0 29356.670602145048
4.130000114 0.0 27766.342830276993
4.139999866 0.0 27430.96858878122
4.150000095 0.0 27321.882255291646
4.159999847 0.0 26776.53687337189
4.170000076 0.0 26448.30720913271
4.179999828 0.0 26131.04747929323
4.190000057 0.0 25815.198636972586
4.199999809 0.0 25507.01720449386
4.210000038 0.0 25197.642936878634
4.21999979 0.0 24893.689175022846
4.230000019 0.0 24595.097632594378
4.239999771 0.0 24296.69538255222
4.25 0.0 24097.440192844708
4.260000229 0.0 23742.942154708286
4.269999981 0.0 23430.44017773608
4.28000021 0.0 23155.767047419395
4.289999962 0.0 22871.68263598742
4.300000191 0.0 22607.49159127958
4.309999943 0.0 22325.7806608395
4.320000172 0.0 22057.725979690957
4.329999924 0.0 21814.294676769034
4.340000153 0.0 21872.93643443336
4.349999905 0.0 21277.81782342289
4.360000134 0.0 21019.538919413484
4.369999886 0.0 20768.06517545014
4.380000114 0.0 20523.39055784778
4.389999866 0.0 20300.740388350765
4.400000095 0.0 20045.72269330957
4.409999847 0.0 19931.537505495013
4.420000076 0.0 19556.723122842297
4.429999828 0.0 19475.72566149142
4.440000057 0.0 19096.694677085554
4.449999809 0.0 18869.034353596187
4.460000038 0.0 18644.36532734313
4.46999979 0.0 18698.981382252765
4.480000019 0.0 18533.739952351632
4.489999771 0.0 18261.993550353298
4.5 0.0 18509.376413029513
4.510000229 0.0 25637.99076794448
4.519999981 0.0 18397.48822089403
4.53000021 0.0 18129.560452728605
4.539999962 0.0 16957.11690641344
4.550000191 0.0 16743.430126583902
4.559999943 0.0 16544.06551654546
4.570000172 0.0 16346.446686419482
4.579999924 0.0 30339.876957373777
4.590000153 0.0 15961.147247419372
4.599999905 0.0 15772.061109424763
4.610000134 0.0 15585.312924427059
4.619999886 0.0 15585.199652959285
4.630000114 0.0 15225.899785779693
4.639999866 0.0 15038.629499104203
4.650000095 0.0 14860.831061497838
4.659999847 0.0 14685.195345655686
4.670000076 0.0 14511.783828049383
4.679999828 0.0 14341.211190975231
4.690000057 0.0 14186.719801059171
4.699999809 0.0 14644.330463929002
4.710000038 0.0 13850.724217261682
4.71999979 0.0 13966.843853065397
4.730000019 0.0 17491.94496059939
4.739999771 0.0 14364.00302501144
4.75 0.0 14630.12409488545
4.760000229 0.0 13544.24061365482
4.769999981 0.0 12891.797796674378
4.78000021 0.0 12743.924911084638
4.789999962 0.0 12608.298512451567
4.800000191 0.0 12455.748737376685
4.809999943 0.0 12303.705797114577
4.820000172 0.0 16102.965338345106
4.829999924 0.0 13604.835333812876
4.840000153 0.0 12205.726760281173
4.849999905 0.0 11728.712097818341
4.860000134 0.0 11988.797579454915
4.869999886 0.0 11454.7565481844
4.880000114 0.0 12158.881645616839
4.889999866 0.0 11385.433469260057
4.900000095 0.0 11075.866816074124
4.909999847 0.0 11371.343310022823
4.920000076 0.0 10940.99051941025
4.929999828 0.0 12392.346658343879
4.940000057 0.0 10598.819708747054
4.949999809 0.0 10532.023255760172
4.960000038 0.0 10302.448015172267
4.96999979 0.0 10187.338395906969
4.980000019 0.0 10064.43776157496
4.989999771 0.0 9994.182510244036
5.0 0.0 9829.861224032324
5.010000229 0.0 9715.478895265293
5.019999981 0.0 9602.27263697582
5.03000021 0.0 9522.900057684612
5.039999962 0.0 9382.389092016361
5.050000191 0.0 9296.762776285721
5.059999943 0.0 9165.810041910534
5.070000172 0.0 9155.552026351417
5.079999924 0.0 8950.421500491173
5.090000153 0.0 8846.528500955215
5.099999905 0.0 8744.035374246805
5.110000134 0.0 8642.597980627279
5.119999886 0.0 8544.905517195226
5.130000114 0.0 8516.691417519374
5.139999866 0.0 8389.946897528933
5.150000095 0.0 8292.291814137328
5.159999847 0.0 8195.098903743095
5.170000076 0.0 8100.618029277209
5.179999828 0.0 8006.251543932957
5.190000057 0.0 7913.447268447373
5.199999809 0.0 7821.7541145986315
5.210000038 0.0 7731.327299554479
5.21999979 0.0 7641.514113775469
5.230000019 0.0 7553.503117635874
5.239999771 0.0 7465.749125149496
5.25 0.0 7391.250124918612
5.260000229 0.0 7294.134904515796
5.269999981 0.0 7209.8912012199835
5.28000021 0.0 7126.560799524901
5.289999962 0.0 7044.274673560523
5.300000191 0.0 6962.968527913668
5.309999943 0.0 6882.597899787523
5.320000172 0.0 6803.201367506404
5.329999924 0.0 6724.752207297606
5.340000153 0.0 6647.215400795614
5.349999905 0.0 6570.600513984704
5.360000134 0.0 6494.895538486461
5.369999886 0.0 6420.083392817235
5.380000114 0.0 6346.604338023458
5.389999866 0.0 6273.67350170978
5.400000095 0.0 6205.428088735539
5.409999847 0.0 6135.6599943139245
5.420000076 0.0 6062.538532379999
5.429999828 0.0 5991.003824809866
5.440000057 0.0 5926.670865999177
5.449999809 0.0 7418.470236443247
5.460000038 0.0 5911.50494887283
5.46999979 0.0 5749.949281748947
5.480000019 0.0 5668.872796420851
5.489999771 0.0 5597.507051383258
5.5 0.0 5535.273754454936
5.510000229 0.0 5465.575134050187
5.519999981 0.0 5399.745247554126
5.53000021 0.0 5337.61272475685
5.539999962 0.0 5289.0758067348215
5.550000191 0.0 5222.017618122579
5.559999943 0.0 5164.65388706357
5.570000172 0.0 5099.744701051416
5.579999924 0.0 5166.506369172487
5.590000153 0.0 4980.374878798127
5.599999905 0.0 4989.492435679385
5.610000134 0.0 5013.767637115364
5.619999886 0.0 4811.724891170119
5.630000114 0.0 5386.48815012722
5.639999866 0.0 4799.995830622829
5.650000095 0.0 5576.826027339248
5.659999847 0.0 4787.525824658282
5.670000076 0.0 4933.920807002387
5.679999828 0.0 5752.577882772123
5.690000057 0.0 4439.786527769432
5.699999809 0.0 4388.999403247207
5.710000038 0.0 4338.937178791849
5.71999979 0.0 4289.694839941056
5.730000019 0.0 4240.589107606613
5.739999771 0.0 4192.273465938842
5.75 0.0 4144.521352871641
5.760000229 0.0 4097.5103535316375
5.769999981 0.0 4050.6867573163254
5.78000021 0.0 4005.4687187247105
5.789999962 0.0 3959.233814706397
5.800000191 0.0 3924.0492898845814
5.809999943 0.0 3869.473640399269
5.820000172 0.0 3825.4817520786087
5.829999924 0.0 3781.9999815288147
5.840000153 0.0 3739.025708777949
5.849999905 0.0 3696.548751757159
5.860000134 0.0 3654.66390437858
5.869999886 0.0 3646.4221131640134
5.880000114 0.0 3572.08562830325
5.889999866 0.0 3531.5613088860036
5.900000095 0.0 3491.5499007340673
5.909999847 0.0 3451.924127555773
5.920000076 0.0 3412.7049343969065
5.929999828 0.0 3374.012932764607
5.940000057 0.0 3335.7824922496816
5.949999809 0.0 3298.041879893832
5.960000038 0.0 3260.6248175202454
5.96999979 0.0 3223.693849902445
5.980000019 0.0 3187.1731126688046
5.989999771 0.0 3151.0886216556682
6.0 0.0 3115.448174400373
6.010000229 0.0 3093.670297994687
6.019999981 0.0 3045.319815931271
6.03000021 0.0 3010.8754948520236
6.039999962 0.0 2980.491677049133
6.050000191 0.0 2946.3713185717543
6.059999943 0.0 2909.9054628113954
6.070000172 0.0 2877.0539246973353
6.079999924 0.0 2844.5162684605334
6.090000153 0.0 2812.425864670151
6.099999905 0.0 2780.7604688110628
6.110000134 0.0 2764.2703532823016
6.119999886 0.0 2718.387586455792
6.130000114 0.0 2688.515078113335
6.139999866 0.0 2660.0819712047196
6.150000095 0.0 2780.0152051480136
6.159999847 0.0 2599.0685459891324
6.170000076 0.0 2621.5618367030634
6.179999828 0.0 2539.7264959665436
6.190000057 0.0 2511.098578519499
6.199999809 0.0 2482.4661150845914
6.210000038 0.0 2454.903002711552
6.21999979 0.0 2427.625992879156
6.230000019 0.0 2399.595694389672
6.239999771 0.0 2372.6509180407766
6.25 0.0 2347.905777923302
6.260000229 0.0 2321.3971557651917
6.269999981 0.0 2305.163936672851
6.28000021 0.0 2268.826004754963
6.289999962 0.0 2245.579427069036
6.300000191 0.0 2220.263308204652
6.309999943 0.0 2193.2847673916935
6.320000172 0.0 2175.9831631694583
6.329999924 0.0 2162.3083828361614
6.340000153 0.0 2155.9910672273277
6.349999905 0.0 2170.3593367544863
6.360000134 0.0 2085.091961248032
6.369999886 0.0 2049.510143960743
6.380000114 0.0 2027.0898615197632
6.389999866 0.0 2119.0493296466493
6.400000095 0.0 2059.717865196362
6.409999847 0.0 2865.682936154447
6.420000076 0.0 2415.021961735435
6.429999828 0.0 2131.172596178939
6.440000057 0.0 2246.1206957924114
6.449999809 0.0 2057.068116695456
6.460000038 0.0 2475.292446661953
6.46999979 0.0 3044.4899000250625
6.480000019 0.0 3289.4122878726603
6.489999771 0.0 2181.374916675229
6.5 0.0 5493.327772779399
6.510000229 0.0 5197.695036028678
6.519999981 0.0 2433.2312641383555
6.53000021 0.0 3200.628004773341
6.539999962 0.0 6748.740496447058
6.550000191 0.0 10636.2632512885
6.559999943 0.0 1802.903366730682
6.570000172 0.0 4838.04508349431
6.579999924 0.0 16406.579068336014
6.590000153 0.0 24128.24216832745
6.599999905 0.0 8677.657872082353
6.610000134 0.0 12000.40170128923
6.619999886 0.0 17372.937652350513
6.630000114 0.0 14103.698120441053
6.639999866 0.0 17303.224312451253
6.650000095 0.0 11623.123234838302
6.659999847 0.0 9329.309026592995
6.670000076 0.0 3925.273589444022
6.679999828 0.0 8020.551324377371
6.690000057 0.0 5085.962300093499
6.699999809 0.0 8233.964230886639
6.710000038 0.0 1397.5033285847333
6.71999979 0.0 1386.2340827422527
6.730000019 0.0 1366.9187904576218
6.739999771 0.0 1351.579656508951
6.75 0.0 1336.053465476522
6.760000229 0.0 1322.5424436656333
6.769999981 0.0 1306.566719807892
6.78000021 0.0 1292.3230338917554
6.789999962 0.0 1277.6351882715603
6.800000191 0.0 1263.4433780188488
6.809999943 0.0 1249.4003844629228
6.820000172 0.0 1235.7668544871442
6.829999924 0.0 1221.784064882587
6.840000153 0.0 1209.4167895480325
6.849999905 0.0 1194.9510268500803
6.860000134 0.0 1181.8256375310073
6.869999886 0.0 1168.4930715727148
6.880000114 0.0 1155.6114086726648
6.889999866 0.0 1142.6485909441735
6.900000095 0.0 1130.014747263843
6.909999847 0.0 1117.5224482062235
6.920000076 0.0 1105.8363286643473
6.929999828 0.0 1104.7482610908687
6.940000057 0.0 1081.204733167388
6.949999809 0.0 1069.007192132917
6.960000038 0.0 1058.804001130709
6.96999979 0.0 1045.524668778467
6.980000019 0.0 1033.6147972620597
6.989999771 0.0 1022.1542409220029
7.0 0.0 1010.8631351671758
7.010000229 0.0 999.6604779210523
7.019999981 0.0 988.5905377656197
7.03000021 0.0 1002.2168428631642
7.039999962 0.0 967.8069613591771
7.050000191 0.0 956.5348052900584
7.059999943 0.0 945.8941772725267
7.070000172 0.0 935.1462452598057
7.079999924 0.0 925.1563215455271
7.090000153 0.0 914.5522121068789
7.099999905 0.0 904.5194643643057
7.110000134 0.0 894.4535274934356
7.119999886 0.0 884.5729482862249
7.130000114 0.0 875.7509135957029
7.139999866 0.0 865.9881756674642
7.150000095 0.0 855.6633179565684
7.159999847 0.0 846.4684056950484
7.170000076 0.0 836.9187398619353
7.179999828 0.0 827.6638571673905
7.190000057 0.0 837.2399889669316
7.199999809 0.0 816.0911063796057
7.210000038 0.0 802.6383477201833
7.21999979 0.0 795.9686855611009
7.230000019 0.0 783.962654652914
7.239999771 0.0 774.4056713671417
7.25 0.0 765.8025864646743
7.260000229 0.0 757.4124166385956
7.269999981 0.0 749.0180643312798
7.28000021 0.0 740.7698026703757
7.289999962 0.0 732.6191262392143
7.300000191 0.0 724.552188578248
7.309999943 0.0 716.5801325047717
7.320000172 0.0 708.7151164592246
7.329999924 0.0 700.9322113530212
7.340000153 0.0 693.2032403837477
7.349999905 0.0 685.5598936113175
7.360000134 0.0 678.063534593572
7.369999886 0.0 670.5702638829006
7.380000114 0.0 663.4261500893625
7.389999866 0.0 655.9383157467189
7.400000095 0.0 648.7102013506844
7.409999847 0.0 641.5794336076654
7.420000076 0.0 634.5436485630886
7.429999828 0.0 627.5860031843321
7.440000057 0.0 620.671961273528
7.449999809 0.0 613.8793453674008
7.460000038 0.0 607.1109047140552
7.46999979 0.0 600.4475408919369
7.480000019 0.0 593.8587935312944
7.489999771 0.0 587.8243522099381
7.5 0.0 581.2904110961872
7.510000229 0.0 575.0002046036959
7.519999981 0.0 568.607596965515
7.53000021 0.0 562.3785277696262
7.539999962 0.0 556.2228075031961
7.550000191 0.0 550.621983211571
7.559999943 0.0 545.9369366909903
7.570000172 0.0 538.122766494718
7.579999924 0.0 532.8924732710359
7.590000153 0.0 526.4000098996432
7.599999905 0.0 520.6344557165704
7.610000134 0.0 514.934183873204
7.619999886 0.0 509.796017225009
7.630000114 0.0 503.7229781973928
7.639999866 0.0 498.77939476314754
7.650000095 0.0 492.7596155309561
7.659999847 0.0 487.36872254799664
7.670000076 0.0 482.03818121140375
7.679999828 0.0 476.7663714114223
7.690000057 0.0 471.55500829330197
7.699999809 0.0 467.0881564619336
7.710000038 0.0 499.7544579023813
7.71999979 0.0 456.3548869426883
7.730000019 0.0 492.42387165613945
7.739999771 0.0 478.40698941392753
7.75 0.0 452.22175554342573
7.760000229 0.0 490.3852797166783
7.769999981 0.0 615.6425522531188
7.78000021 0.0 1390.2971705780406
7.789999962 0.0 824.2641697361036
7.800000191 0.0 430.7617042114591
7.809999943 0.0 514.3379969570601
7.820000172 0.0 601.0139315389131
7.829999924 0.0 404.8297563231348
7.840000153 0.0 400.0660874308724
7.849999905 0.0 395.6421991080699
7.860000134 0.0 391.2977139558466
7.869999886 0.0 447.0206459484748
7.880000114 0.0 632.864815789307
7.889999866 0.0 378.6137180068184
7.900000095 0.0 374.4879701388381
7.909999847 0.0 370.4073350595589
7.920000076 0.0 366.37214633959996
7.929999828 0.0 362.38132786203624
7.940000057 0.0 358.434875297321
7.949999809 0.0 354.5316678786948
7.960000038 0.0 350.7106545077404
7.96999979 0.0 346.8546395491411
7.980000019 0.0 343.0792343031656
7.989999771 0.0 339.34568422765153
8.0 0.0 335.65333109992264
8.010000229 0.0 332.00144945960244
8.020000458 0.0 328.39031757800376
8.029999733 0.0 324.8187210408298
8.039999962 0.0 321.28652174876277
8.050000191 0.0 317.79317123859073
8.06000042 0.0 314.33845332392934
8.069999695 0.0 310.9219913457869
8.079999924 0.0 307.54297469913877
8.090000153 0.0 304.20105897135187
8.100000381 0.0 300.89699635702425
8.109999657 0.0 300.35440004126997
8.119999886 0.0 295.1717825876317
8.130000114 0.0 294.3968784872328
8.140000343 0.0 289.094665166386
8.149999619 0.0 288.12918913197086
8.159999847 0.0 355.44536400474146
8.170000076 0.0 598.1731716360216
8.180000305 0.0 430.11983006535974
8.18999958 0.0 272.7422608093857
8.199999809 0.0 271.8841992898126
8.210000038 0.0 369.54911207488954
8.220000267 0.0 264.1662708141379
8.229999542 0.0 261.09985735249086
8.239999771 0.0 258.2746429818312
8.25 0.0 255.47938985566498
8.260000229 0.0 252.69985877944669
8.270000458 0.0 249.96114353781851
8.279999733 0.0 247.25278187509858
8.289999962 0.0 316.50545886348294
8.300000191 0.0 242.1440120352366
8.31000042 0.0 239.61335018854066
8.319999695 0.0 236.76866640273605
8.329999924 0.0 235.3797685117903
8.340000153 0.0 267.06728601128094
8.350000381 0.0 350.9296576556253
8.359999657 0.0 260.1300808089006
8.369999886 0.0 224.17472689821653
8.380000114 0.0 222.06778311638584
8.390000343 0.0 257.7570113772804
8.399999619 0.0 216.98480820838898
8.409999847 0.0 214.67463355677765
8.420000076 0.0 212.31132215223522
8.430000305 0.0 210.7569761724701
8.43999958 0.0 290.7007991788861
8.449999809 0.0 205.6175197489224
8.460000038 0.0 221.30525132813003
8.470000267 0.0 201.13676743797043
8.479999542 0.0 203.7040607356406
8.489999771 0.0 230.30563312892193
8.5 0.0 239.21661185345016
8.510000229 0.0 192.58850133931793
8.520000458 0.0 198.3911278324767
8.529999733 0.0 188.43043759446053
8.539999962 0.0 197.2805303965562
8.550000191 0.0 191.9044208176268
8.56000042 0.0 188.20966164373925
8.569999695 0.0 180.4021310733348
8.579999924 0.0 178.44516252848226
8.590000153 0.0 178.27408853227712
8.600000381 0.0 174.65137679409986
8.609999657 0.0 172.73063587497512
8.619999886 0.0 170.867626578461
8.630000114 0.0 169.02498870917017
8.640000343 0.0 167.2024753841644
8.649999619 0.0 165.74099065607487
8.659999847 0.0 163.61707933782313
8.670000076 0.0 161.8535642735646
8.680000305 0.0 160.10929303945667
8.68999958 0.0 158.61174932743805
8.699999809 0.0 156.68084374772766
8.710000038 0.0 154.98996078922445
8.720000267 0.0 153.32053709998485
8.729999542 0.0 151.6693377654855
8.739999771 0.0 150.03624993105163
8.75 0.0 148.42084333536965
8.760000229 0.0 146.82340540671976
8.770000458 0.0 145.24314994968069
8.779999733 0.0 143.67951994755285
8.789999962 0.0 142.13430783043694
8.800000191 0.0 140.60454505580455
8.81000042 0.0 139.0923778065341
8.819999695 0.0 137.5950111214512
8.829999924 0.0 136.5491660295515
8.840000153 0.0 135.08095510169116
8.850000381 0.0 133.62875005938434
8.859999657 0.0 132.19981982898904
8.869999886 0.0 130.79509385032156
8.880000114 0.0 129.3661062913875
8.890000343 0.0 127.97943534863826
8.899999619 0.0 126.60559873489754
8.909999847 0.0 125.2420886022724
8.920000076 0.0 123.89556443123756
8.930000305 0.0 122.56584998870125
8.93999958 0.0 121.24920140590224
8.949999809 0.0 119.9476335374798
8.960000038 0.0 118.6590106481015
8.970000267 0.0 117.385577740337
8.979999542 0.0 116.1254196595501
8.989999771 0.0 114.87918938464091
9.0 0.0 113.6710386647897
9.010000229 0.0 112.4268504923371
9.020000458 0.0 111.25237899065236
9.029999733 0.0 110.04007291489077
9.039999962 0.0 108.85547627985255
9.050000191 0.0 107.70209656565598
9.06000042 0.0 106.6552939359239
9.069999695 0.0 105.90537191731323
9.079999924 0.0 104.61489914195742
9.090000153 0.0 103.20124860508487
9.100000381 0.0 102.04766694833116
9.109999657 0.0 101.1711694495967
9.119999886 0.0 99.85635609976245
9.130000114 0.0 98.78990742721048
9.140000343 0.0 97.72787053491184
9.149999619 0.0 96.69294561559363
9.159999847 0.0 95.67606089230887
9.170000076 0.0 94.64705591120912
9.180000305 0.0 93.6967534082919
9.18999958 0.0 92.60583477870433
9.199999809 0.0 91.61456135131675
9.210000038 0.0 90.633921535588
9.220000267 0.0 89.66389281553226
9.229999542 0.0 88.7043589108109
9.239999771 0.0 87.75529489698394
9.25 0.0 86.81640604329473
9.260000229 0.0 85.8876709358038
9.270000458 0.0 84.96897839110561
9.279999733 0.0 84.06032148314634
9.289999962 0.0 83.16138434426877
9.300000191 0.0 82.27216359133192
9.31000042 0.0 81.3925529039068
9.319999695 0.0 80.52244713095594
9.329999924 0.0 79.66182393619464
9.340000153 0.0 78.81041634297674
9.350000381 0.0 77.96820519642954
9.359999657 0.0 77.13508994006746
9.369999886 0.0 76.31104930088688
9.380000114 0.0 75.49582776642391
9.390000343 0.0 74.6894071093632
9.399999619 0.0 73.89169115988214
9.409999847 0.0 73.10265965872523
9.420000076 0.0 72.32206814378726
9.430000305 0.0 71.54989901904489
9.43999958 0.0 70.78606059838168
9.449999809 0.0 70.03053350867798
9.460000038 0.0 69.28482714667575
9.470000267 0.0 68.54369905194721
9.479999542 0.0 67.81266298518462
9.489999771 0.0 67.09141474450739
9.5 0.0 66.37458172476366
9.510000229 0.0 65.66649711381227
9.520000458 0.0 65.00195447045388
9.529999733 0.0 64.4614589592094
9.539999962 0.0 63.617123157305954
9.550000191 0.0 62.98683235099549
9.56000042 0.0 62.23816690526715
9.569999695 0.0 61.594662502874726
9.579999924 0.0 60.97225012441024
9.590000153 0.0 60.26915234045319
9.600000381 0.0 59.626611242576516
9.609999657 0.0 58.99126176646373
9.619999886 0.0 58.36280955482695
9.630000114 0.0 57.74106164504553
9.640000343 0.0 57.12600418659173
9.649999619 0.0 56.51756434871858
9.659999847 0.0 55.94041205801645
9.670000076 0.0 55.32033770771899
9.680000305 0.0 54.731408450902144
9.68999958 0.0 54.14860778908091
9.699999809 0.0 53.572476565390495
9.710000038 0.0 53.00208581242772
9.720000267 0.0 52.43836067854085
9.729999542 0.0 51.89654998153687
9.739999771 0.0 51.40023108246038
9.75 0.0 50.78412860883074
9.760000229 0.0 50.25856398368714
9.770000458 0.0 49.70717259363001
9.779999733 0.0 49.1788371643088
9.789999962 0.0 48.67676320721556
9.800000191 0.0 48.13813884641388
9.81000042 0.0 47.62630997215722
9.819999695 0.0 47.12003536590815
9.829999924 0.0 46.61935447550007
9.840000153 0.0 46.12357325643101
9.850000381 0.0 45.679480911794975
9.859999657 0.0 45.148464506490974
9.869999886 0.0 44.67886788388882
9.880000114 0.0 44.19411337204071
9.890000343 0.0 43.73358741708701
9.899999619 0.0 43.26633445412906
9.909999847 0.0 42.800823239269576
9.920000076 0.0 42.371485684172306
9.930000305 0.0 41.89644534774204
9.93999958 0.0 41.45558008311826
9.949999809 0.0 41.01150662683816
9.960000038 0.0 40.588487595658854
9.970000267 0.0 40.15053525903536
9.979999542 0.0 39.72251740517453
9.989999771 0.0 39.29790549955161
10.0 0.0 38.88079613709345
10.01000023 0.0 38.46839665038257
10.02000046 0.0 38.060398855815194
10.02999973 0.0 37.65638015238894
10.03999996 0.0 37.256959633649494
10.05000019 0.0 36.86177809211221
10.06000042 0.0 36.47084609929857
10.06999969 0.0 36.084135606108696
10.07999992 0.0 35.701625151515714
10.09000015 0.0 35.32301429892244
10.10000038 0.0 34.9485516483981
10.10999966 0.0 34.578095343367565
10.11999989 0.0 34.21163729053619
10.13000011 0.0 33.849129689577865
10.14000034 0.0 33.490369971554486
10.14999962 0.0 33.13551154121384
10.15999985 0.0 32.78448112619037
10.17000008 0.0 32.43717076172329
10.18000031 0.0 32.093573575875084
10.18999958 0.0 31.753649402142766
10.19999981 0.0 31.417390507516874
10.21000004 0.0 31.08469342415863
10.22000027 0.0 30.755551691687447
10.22999954 0.0 30.42992691149641
10.23999977 0.0 30.107811550158175
10.25 0.0 29.789106734583083
10.26000023 0.0 29.473806164182918
10.27000046 0.0 29.161873098919923
10.27999973 0.0 28.853300472904667
10.28999996 0.0 28.548107748937277
10.30000019 0.0 28.24605929482365
10.31000042 0.0 27.947235372527665
10.31999969 0.0 27.651629250492167
10.32999992 0.0 27.359150109864974
10.34000015 0.0 27.06979237662988
10.35000038 0.0 26.78352222098891
10.35999966 0.0 26.500306497108507
10.36999989 0.0 26.22013882070712
10.38000011 0.0 25.94293522516553
10.39000034 0.0 25.668684305752436
10.39999962 0.0 25.397360445357236
10.40999985 0.0 25.128958435687196
10.42000008 0.0 24.86338618083625
10.43000031 0.0 24.60064920798528
10.43999958 0.0 24.34071372052633
10.44999981 0.0 24.08317150738547
10.46000004 0.0 23.828780450665306
10.47000027 0.0 23.577126598517374
10.47999954 0.0 23.328088474783723
10.48999977 0.0 23.08173595284902
10.5 0.0 22.838007296336713
10.51000023 0.0 22.596876762579143
10.52000046 0.0 22.35829139986488
10.52999973 0.0 22.12228462821665
10.53999996 0.0 21.888767952093307
10.55000019 0.0 21.6567214241007
10.56000042 0.0 21.428202400667455
10.56999969 0.0 21.202138709643272
10.57999992 0.0 20.97845494543722
10.59000015 0.0 20.75715477519323
10.60000038 0.0 20.53820317802532
10.60999966 0.0 20.32158159082956
10.61999989 0.0 20.107285466037503
10.63000011 0.0 19.8952455654482
10.64000034 0.0 19.68546247214408
10.64999962 0.0 19.477906964820345
10.65999985 0.0 19.272579061835252
10.67000008 0.0 19.069412213377298
10.68000031 0.0 18.868406458631295
10.68999958 0.0 18.66953446786492
10.69999981 0.0 18.472796069946565
10.71000004 0.0 18.27812740591058
10.72000027 0.0 18.08552869527717
10.72999954 0.0 17.894973885988534
10.73999977 0.0 17.706462483764625
10.75 0.0 17.519933507414535
10.76000023 0.0 17.335386503511852
10.77000046 0.0 17.152798339553755
10.77999973 0.0 16.972166513259214
10.78999996 0.0 16.79343446468235
10.80000019 0.0 16.61659892501442
10.81000042 0.0 16.441641855825097
10.81999969 0.0 16.268556773078696
10.82999992 0.0 16.097292022870047
10.84000015 0.0 15.927845592987492
10.85000038 0.0 15.760195896523305
10.85999966 0.0 15.5943250779801
10.86999989 0.0 15.4302289175288
10.88000011 0.0 15.267857647927446
10.89000034 0.0 15.107208513756667
10.89999962 0.0 14.948263044512652
10.90999985 0.0 14.79101797110377
10.92000008 0.0 14.635425390452784
10.93000031 0.0 14.481482080889096
10.93999958 0.0 14.329170905951186
10.94999981 0.0 14.178488421680072
10.96000004 0.0 14.029388233494068
10.97000027 0.0 13.881867600459369
10.97999954 0.0 13.735911357496882
10.98999977 0.0 13.59151874324156
11.0 0.0 13.448645244515617
11.01000023 0.0 13.30726982365659
11.02000046 0.0 13.167403935404598
11.02999973 0.0 13.029023014601803
11.03999996 0.0 12.892100603512514
11.05000019 0.0 12.756633240068576
11.06000042 0.0 12.622588799859676
11.06999969 0.0 12.489981923623006
11.07999992 0.0 12.358766645882591
11.09000015 0.0 12.22894037818971
11.10000038 0.0 12.100488439054773
11.10999966 0.0 11.97339603583021
11.11999989 0.0 11.847660580417628
11.13000011 0.0 11.723242438443544
11.14000034 0.0 11.600143160359687
11.14999962 0.0 11.478343158180497
11.15999985 0.0 11.357845401849284
11.17000008 0.0 11.238609630384452
11.18000031 0.0 11.120635034856376
11.18999958 0.0 11.00390925410169
11.19999981 0.0 10.888427855315902
11.21000004 0.0 10.774156811526277
11.22000027 0.0 10.661093180682634
11.22999954 0.0 10.54922591429713
11.23999977 0.0 10.438557406411151
11.25 0.0 10.329035723529822
11.26000023 0.0 10.220679904748113
11.27000046 0.0 10.113465537201387
11.27999973 0.0 10.00739635572208
11.28999996 0.0 9.902437991607849
11.30000019 0.0 9.798587999869865
11.31000042 0.0 9.695834480222967
11.31999969 0.0 9.594176807508264
11.32999992 0.0 9.49358261503379
11.34000015 0.0 9.39405189266161
11.35000038 0.0 9.295571166378048
11.35999966 0.0 9.19814083400305
11.36999989 0.0 9.101732075336432
11.38000011 0.0 9.006335440318411
11.39000034 0.0 8.911949570269952
11.39999962 0.0 8.818559171894035
11.40999985 0.0 8.726163314283948
11.42000008 0.0 8.634733525729331
11.43000031 0.0 8.54427005349063
11.43999958 0.0 8.45475946788983
11.44999981 0.0 8.36620455322263
11.46000004 0.0 8.278572042283583
11.47000027 0.0 8.191865784614357
11.47999954 0.0 8.106073515261585
11.48999977 0.0 8.021194104180266
11.5 0.0 7.9372035938893255
11.51000023 0.0 7.8540966463314605
11.52000046 0.0 7.7718672468363525
11.52999973 0.0 7.690512192307969
11.53999996 0.0 7.6100073546730655
11.55000019 0.0 7.530351192022993
11.56000042 0.0 7.45153414861985
11.56999969 0.0 7.3735561267945
11.57999992 0.0 7.29639242834035
11.59000015 0.0 7.220041848362707
11.60000038 0.0 7.14449558413488
11.60999966 0.0 7.069752598731306
11.61999989 0.0 6.9957902451942315
11.63000011 0.0 6.922606318950549
11.64000034 0.0 6.850194238736281
11.64999962 0.0 6.77854434686991
11.65999985 0.0 6.707655769111361
11.67000008 0.0 6.63750730354111
11.68000031 0.0 6.568097711253151
11.68999958 0.0 6.499419055714718
11.69999981 0.0 6.4314697764834
11.71000004 0.0 6.364229314653191
11.72000027 0.0 6.297696720673055
11.72999954 0.0 6.231864504698953
11.73999977 0.0 6.166731410631199
11.75 0.0 6.102277636169521
11.76000023 0.0 6.038502009682094
11.77000046 0.0 5.975397385825982
11.77999973 0.0 5.91296324699763
11.78999996 0.0 5.851179728281514
11.80000019 0.0 5.790045782987456
11.81000042 0.0 5.729555601573756
11.81999969 0.0 5.66970672706586
11.82999992 0.0 5.610482344256574
11.84000015 0.0 5.551880446179885
11.85000038 0.0 5.493894392726833
11.85999966 0.0 5.4365241169071306
11.86999989 0.0 5.379751570916803
11.88000011 0.0 5.323575706049677
11.89000034 0.0 5.267990395067858
11.89999962 0.0 5.212989446056605
11.90999985 0.0 5.15857170089803
11.92000008 0.0 5.104720578266312
11.93000031 0.0 5.051435402567859
11.93999958 0.0 4.99871021743459
11.94999981 0.0 4.946544054473473
11.96000004 0.0 4.894921251928104
11.97000027 0.0 4.843840680544724
11.97999954 0.0 4.793296615810975
11.98999977 0.0 4.743288100590281
12.0 0.0 4.693800313984297
12.01000023 0.0 4.6448317748378445
12.02000046 0.0 4.596378145623663
12.02999973 0.0 4.548437388460751
12.03999996 0.0 4.500995623549606
12.05000019 0.0 4.454052076223526
12.06000042 0.0 4.407601306602131
12.06999969 0.0 4.361642373087377
12.07999992 0.0 4.316161494308391
12.09000015 0.0 4.271158057441628
12.10000038 0.0 4.226627074948193
12.10999966 0.0 4.182567106535927
12.11999989 0.0 4.138965846881965
12.13000011 0.0 4.095821815103343
12.14000034 0.0 4.053130233114848
12.14999962 0.0 4.010886925588692
12.15999985 0.0 3.9690903360107552
12.17000008 0.0 3.927728697332791
12.18000031 0.0 3.886800267046548
12.18999958 0.0 3.846301570489144
12.19999981 0.0 3.8062312602178694
12.21000004 0.0 3.7665773334515227
12.22000027 0.0 3.7273389837483046
12.22999954 0.0 3.688512005323824
12.23999977 0.0 3.6500960183402147
12.25 0.0 3.6120788319489683
12.26000023 0.0 3.5744602736414604
12.27000046 0.0 3.5372360629224935
12.27999973 0.0 3.500405415456033
12.28999996 0.0 3.463957230865436
12.30000019 0.0 3.427890982294389
12.31000042 0.0 3.3922025819316373
12.31999969 0.0 3.356891342061647
12.32999992 0.0 3.3219467087432863
12.34000015 0.0 3.2873682703136446
12.35000038 0.0 3.2531521038828197
12.35999966 0.0 3.219297588960115
12.36999989 0.0 3.185794198343832
12.38000011 0.0 3.152641766061003
12.39000034 0.0 3.1198365835840844
12.39999962 0.0 3.0873746356847245
12.40999985 0.0 3.055255927557584
12.42000008 0.0 3.0234703090551482
12.43000031 0.0 2.9920172558800453
12.43999958 0.0 2.9608937217306295
12.44999981 0.0 2.9300987932786606
12.46000004 0.0 2.899623253243988
12.47000027 0.0 2.8694666416562167
12.47999954 0.0 2.8396255791782155
12.48999977 0.0 2.810099545968488
12.5 0.0 2.7808797167396735
12.51000023 0.0 2.7519656454628456
12.52000046 0.0 2.723353952751514
12.52999973 0.0 2.695044270532656
12.53999996 0.0 2.6670280211587247
12.55000019 0.0 2.639304773262967
12.56000042 0.0 2.6118714540057293
12.56999969 0.0 2.5847276378354693
12.57999992 0.0 2.557865243203741
12.59000015 0.0 2.531283497265935
12.60000038 0.0 2.5049797435907206
12.60999966 0.0 2.4789535330972496
12.61999989 0.0 2.4531969731863184
12.63000011 0.0 2.4277095844295453
12.64000034 0.0 2.4024886010030193
12.64999962 0.0 2.3775310359602493
12.65999985 0.0 2.35283696635433
12.67000008 0.0 2.328398450586278
12.68000031 0.0 2.3042152997429373
12.68999958 0.0 2.2802847973270453
12.69999981 0.0 2.256606747435776
12.71000004 0.0 2.233173538279278
12.72000027 0.0 2.209985386383451
12.72999954 0.0 2.1870392776652667
12.73999977 0.0 2.164335046940661
12.75 0.0 2.1418658884310533
12.76000023 0.0 2.119631365417284
12.77000046 0.0 2.097628950583925
12.77999973 0.0 2.075858415505085
12.78999996 0.0 2.0543130474898095
12.80000019 0.0 2.0329926093131365
12.81000042 0.0 2.0118948499315206
12.81999969 0.0 1.9910193668229257
12.82999992 0.0 1.9703596325856425
12.84000015 0.0 1.9499156475681703
12.85000038 0.0 1.929685021018172
12.85999966 0.0 1.9096673957187063
12.86999989 0.0 1.889856766310902
12.88000011 0.0 1.870252951929124
12.89000034 0.0 1.8508535072096652
12.89999962 0.0 1.8316583382024547
12.90999985 0.0 1.8126617224016286
12.92000008 0.0 1.7938632483057426
12.93000031 0.0 1.7752608480996281
12.93999958 0.0 1.7568524430372963
12.94999981 0.0 1.7386376997210298
12.96000004 0.0 1.720611221594774
12.97000027 0.0 1.7027727930095797
12.97999954 0.0 1.6851204423151749
12.98999977 0.0 1.6676536537558
13.0 0.0 1.6503674155717158
13.01000023 0.0 1.6332613965101672
13.02000046 0.0 1.616333672414962
13.02999973 0.0 1.599583985967507
13.03999996 0.0 1.5830071877210865
13.05000019 0.0 1.5666033708638025
13.06000042 0.0 1.550370409882132
13.06999969 0.0 1.534308078933129
13.07999992 0.0 1.518411754250755
13.09000015 0.0 1.5026808670851188
13.10000038 0.0 1.4871140724412866
13.10999966 0.0 1.4717107908947396
13.11999989 0.0 1.4564665653283135
13.13000011 0.0 1.4413812163188076
13.14000034 0.0 1.4264528906099485
13.14999962 0.0 1.4116825119772214
13.15999985 0.0 1.397066338932141
13.17000008 0.0 1.3826023523978184
13.18000031 0.0 1.3682889087464039
13.18999958 0.0 1.3541244787061975
13.19999981 0.0 1.3401088153718974
13.21000004 0.0 1.3262378042797256
13.22000027 0.0 1.3125111569825527
13.22999954 0.0 1.2989273866841828
13.23999977 0.0 1.2854862011189234
13.25 0.0 1.2721836288905637
13.26000023 0.0 1.259019474559016
13.27000046 0.0 1.245992359434428
13.27999973 0.0 1.2331026808812646
13.28999996 0.0 1.2203513486476358
13.30000019 0.0 1.2077326503491639
13.31000042 0.0 1.195245079439075
13.31999969 0.0 1.1828885374100544
13.32999992 0.0 1.1706593490395876
13.34000015 0.0 1.1585571886975263
13.35000038 0.0 1.1465808759322196
13.35999966 0.0 1.1347301779893517
13.36999989 0.0 1.1230015210381072
13.38000011 0.0 1.1113947355041474
13.39000034 0.0 1.0999085495602754
13.39999962 0.0 1.0885428056644497
13.40999985 0.0 1.0772941382628665
13.42000008 0.0 1.0661622605981018
13.43000031 0.0 1.0551460804514794
13.43999958 0.0 1.0442443527052725
13.44999981 0.0 1.033456886323434
13.46000004 0.0 1.0227804623085697
13.47000027 0.0 1.0122148648568623
13.47999954 0.0 1.0017590343023568
13.48999977 0.0 0.9914128219585395
13.5 0.0 0.9811730742971801
13.51000023 0.0 0.9710396281376225
13.52000046 0.0 0.9610113624896649
13.52999973 0.0 0.9510881599823708
13.53999996 0.0 0.9412670908182985
13.55000019 0.0 0.9315479818846342
13.56000042 0.0 0.9219297572298097
13.56999969 0.0 0.9124122564047932
13.57999992 0.0 0.9029926350061427
13.59000015 0.0 0.8936707891899307
13.60000038 0.0 0.8844826748766228
13.60999966 0.0 0.875317172174568
13.61999989 0.0 0.866282479667402
13.63000011 0.0 0.8573416398169675
13.64000034 0.0 0.8484935030433415
13.64999962 0.0 0.8397380050316376
13.65999985 0.0 0.8310725051250916
13.67000008 0.0 0.82249688365292
13.68000031 0.0 0.8140102268899586
13.68999958 0.0 0.8056115884508971
13.69999981 0.0 0.79730088195032
13.71000004 0.0 0.7890755385537328
13.72000027 0.0 0.7809355186125186
13.72999954 0.0 0.7728799344157812
13.73999977 0.0 0.764908614602858
13.75 0.0 0.7570191247609436
13.76000023 0.0 0.7492115525153374
13.77000046 0.0 0.7414848467492042
13.77999973 0.0 0.73383896618189
13.78999996 0.0 0.7262716250237626
13.80000019 0.0 0.7187827534656597
13.81000042 0.0 0.7113714647744716
13.81999969 0.0 0.7040377044491042
13.82999992 0.0 0.696779285958258
13.84000015 0.0 0.6895960475746172
13.85000038 0.0 0.6824872484335207
13.85999966 0.0 0.6754527668719912
13.86999989 0.0 0.6684905221310932
13.88000011 0.0 0.6616003656998446
13.89000034 0.0 0.6547816184488177
13.89999962 0.0 0.6480341729179463
13.90999985 0.0 0.6413559380091769
13.92000008 0.0 0.6347469156385126
13.93000031 0.0 0.6282062998637191
13.93999958 0.0 0.6217334509170912
13.94999981 0.0 0.6153282653146401
13.96000004 0.0 0.6089887736917756
13.97000027 0.0 0.6027149537961024
13.97999954 0.0 0.5965060512693325
13.98999977 0.0 0.5903620369711297
14.0 0.0 0.5842810858047373
14.01000023 0.0 0.5782630542228364
14.02000046 0.0 0.5723073202019046
14.02999973 0.0 0.5664137926189768
14.03999996 0.0 0.5605807031031019
14.05000019 0.0 0.554807987055975
14.06000042 0.0 0.54909502475155
14.06999969 0.0 0.5434417200831536
14.07999992 0.0 0.5378463849097651
14.09000015 0.0 0.5323089067763653
14.10000038 0.0 0.5268287834847958
14.10999966 0.0 0.521405852649082
14.11999989 0.0 0.5160385079650073
14.13000011 0.0 0.5107266911551833
14.14000034 0.0 0.5054698317712251
14.14999962 0.0 0.5002678409269983
14.15999985 0.0 0.4951191149304184
14.17000008 0.0 0.49002371248594356
14.18000031 0.0 0.48498098398519224
14.18999958 0.0 0.47999039374514046
14.19999981 0.0 0.47505188477994675
14.21000004 0.0 0.47016397945042976
14.22000027 0.0 0.4653266094636401
14.22999954 0.0 0.4605392361555389
14.23999977 0.0 0.45580184439408
14.25 0.0 0.451112938910811
14.26000023 0.0 0.4464725447864514
14.27000046 0.0 0.4418801012868804
14.27999973 0.0 0.4373355435145373
14.28999996 0.0 0.4328375369759571
14.30000019 0.0 0.42838603178284623
14.31000042 0.0 0.42398050926923636
14.31999969 0.0 0.4196209117166638
14.32999992 0.0 0.415305999659167
14.34000015 0.0 0.4110356539312833
14.35000038 0.0 0.4068094255326654
14.35999966 0.0 0.4026272568248364
14.36999989 0.0 0.39848787682642206
14.38000011 0.0 0.39439127566592436
14.39000034 0.0 0.39033701901813483
14.39999962 0.0 0.38632499068764914
14.40999985 0.0 0.3823540248700398
14.42000008 0.0 0.37842408031699665
14.43000031 0.0 0.3745347142824389
14.43999958 0.0 0.3706855160954989
14.44999981 0.0 0.36687643277865534
14.46000004 0.0 0.3631063003619429
14.47000027 0.0 0.3593751127647982
14.47999954 0.0 0.35568245805912246
14.48999977 0.0 0.3520282605634361
14.5 0.0 0.3484114326851452
14.51000023 0.0 0.34483194595680977
14.52000046 0.0 0.34128942750475305
14.52999973 0.0 0.33778378442680645
14.53999996 0.0 0.33431401452749354
14.55000019 0.0 0.3308800299153577
14.56000042 0.0 0.3274815046791261
14.56999969 0.0 0.3241183456284017
14.57999992 0.0 0.320789594797455
14.59000015 0.0 0.31749519745013155
14.60000038 0.0 0.3142347804568273
14.60999966 0.0 0.3110082988214871
14.61999989 0.0 0.3078148083682472
14.63000011 0.0 0.30465426569802145
14.64000034 0.0 0.30152631949152287
14.64999962 0.0 0.29843092539700256
14.65999985 0.0 0.29536719230562186
14.67000008 0.0 0.2923350299217969
14.68000031 0.0 0.28933414344349767
14.68999958 0.0 0.2863645008892709
14.69999981 0.0 0.28342518763355284
14.71000004 0.0 0.28051619595045635
14.72000027 0.0 0.2776371868755956
14.72999954 0.0 0.27478787537725347
14.73999977 0.0 0.27196820946899825
14.75 0.0 0.2691773444810505
14.76000023 0.0 0.2664152403586006
14.77000046 0.0 0.26368161688665515
14.77999973 0.0 0.26097641069077193
14.78999996 0.0 0.25829884820426197
14.80000019 0.0 0.25564889577201566
14.81000042 0.0 0.2530262380553828
14.81999969 0.0 0.2504308404794083
14.82999992 0.0 0.24786196029449373
14.84000015 0.0 0.24531956277331216
14.85000038 0.0 0.24280334636159523
14.85999966 0.0 0.24031329887493055
14.86999989 0.0 0.23784867264604678
14.88000011 0.0 0.23540941913110494
14.89000034 0.0 0.2329953252134745
14.89999962 0.0 0.23060629894212956
14.90999985 0.0 0.22824168160602928
14.92000008 0.0 0.22590139376453613
14.93000031 0.0 0.2235852196946133
14.93999958 0.0 0.2212931275807621
14.94999981 0.0 0.21902441240015263
14.96000004 0.0 0.21677907076045524
14.97000027 0.0 0.21455684146270712
14.97999954 0.0 0.21235750627819758
14.98999977 0.0 0.21018100910084772
15.0 0.0 0.2080267288252661