1.04 0.0 323413817.5830
1.08 0.0 337384486.7650
1.11 0.0 358512350.9820
1.15 0.0 333441819.3630
1.17 0.0 322821387.5680
1.21 0.0 317120115.1450
1.25 0.0 339544114.1520
1.27 0.0 376390476.5370
1.31 0.0 459598761.2560
1.35 0.0 540225658.7710
1.38 0.0 550298436.7490
1.40 0.0 440640591.5040
1.44 0.0 324373343.3920
1.48 0.0 240251786.5180
1.50 0.0 197826792.9210
1.54 0.0 173210835.8640
1.58 0.0 164529169.6680
1.60 0.0 159946915.4020
1.64 0.0 145532583.0950
1.67 0.0 122071048.8620
1.71 0.0 109421949.8670
1.73 0.0 114282796.6650
1.77 0.0 134532895.8530
1.81 0.0 167921784.4220
1.83 0.0 201844594.2790
1.87 0.0 218702318.0210
1.90 0.0 186821037.0150
1.94 0.0 132264378.8880
1.97 0.0 86635671.0610
2.00 0.0 60690927.9010
2.04 0.0 46024243.9660
2.06 0.0 38560313.7627
2.10 0.0 35197900.2400
2.13 0.0 34554921.2737
2.17 0.0 34580148.2745
2.20 0.0 33666316.4179
2.24 0.0 31094396.4928
2.26 0.0 29836603.4707
2.30 0.0 26750413.5836
2.33 0.0 25690594.2197
2.37 0.0 26034691.0458
2.40 0.0 29147549.4695
2.43 0.0 29167168.5280
2.46 0.0 28406951.9341
2.50 0.0 24836725.3006
2.53 0.0 21174270.1544
2.56 0.0 15933029.4349
2.59 0.0 13220417.0683
2.62 0.0 11666782.3046
2.66 0.0 11476516.9981
2.70 0.0 9929986.1292
2.73 0.0 9312846.4508
2.76 0.0 8817354.7935
2.79 0.0 8912249.4589
2.83 0.0 8259703.9890
2.86 0.0 7992095.9863
2.90 0.0 7685906.5728
2.92 0.0 7537577.8244
2.96 0.0 6852797.4716
2.99 0.0 6570608.6863
3.02 0.0 6488709.0898
3.05 0.0 6667343.1268
3.09 0.0 6444763.9664
3.12 0.0 6297423.0970
3.16 0.0 6041601.7441
3.19 0.0 5631603.6701
3.23 0.0 4822123.3921
3.25 0.0 4344247.6304
3.29 0.0 4084407.5730
3.33 0.0 3892351.7314
3.35 0.0 3584618.3848
3.38 0.0 3407201.5619
3.42 0.0 3361118.2559
3.46 0.0 3250375.8895
3.49 0.0 3050677.1510
3.52 0.0 2909503.4558
3.55 0.0 2849732.2692
3.58 0.0 2711322.2754
3.62 0.0 2543141.1671
3.65 0.0 2436733.9447
3.69 0.0 2469282.3931
3.71 0.0 2399222.5997
3.75 0.0 2403562.4554
3.79 0.0 2550575.2015
3.81 0.0 2929693.1776
3.85 0.0 3081430.4859
3.88 0.0 3063092.2858
3.92 0.0 2819113.4108
3.95 0.0 2528937.9259
3.98 0.0 2051983.0774
4.02 0.0 1738888.5079
4.04 0.0 1540285.2978
4.08 0.0 1503662.1892
4.12 0.0 1378164.4907
4.14 0.0 1304289.3705
4.18 0.0 1233058.8343
4.21 0.0 1299675.2205
4.25 0.0 1147888.0533
4.28 0.0 1102991.2132
4.31 0.0 1052140.4007
4.35 0.0 1074774.0084
4.38 0.0 990576.5135
4.41 0.0 964102.0629
4.45 0.0 945370.7861
4.47 0.0 978600.1425
4.51 0.0 915908.5618
4.54 0.0 895960.5555
4.57 0.0 860342.3642
4.61 0.0 858124.3830
4.64 0.0 787707.6145
4.68 0.0 758076.7168
4.71 0.0 741097.7108
4.74 0.0 749326.4934
4.78 0.0 687159.5198
4.80 0.0 661292.2678
4.84 0.0 640008.2411
4.88 0.0 631155.4964
4.90 0.0 581531.7804
4.94 0.0 556734.4142
4.97 0.0 539989.4016
5.00 0.0 528950.3111
5.04 0.0 494226.4877
5.07 0.0 475117.2085
5.11 0.0 465882.1085
5.13 0.0 454043.2621
5.17 0.0 427571.9269
5.21 0.0 409447.0261
5.23 0.0 409656.8790
5.27 0.0 396610.0550
5.30 0.0 372756.5424
5.33 0.0 359805.6826
5.37 0.0 360486.2752
5.40 0.0 347916.7685
5.44 0.0 332179.1926
5.46 0.0 325990.3051
5.50 0.0 335939.9541
5.54 0.0 333710.7388
5.56 0.0 332604.3561
5.60 0.0 330480.9377
5.63 0.0 334695.2502
5.67 0.0 311102.8384
5.70 0.0 289114.1679
5.73 0.0 265211.9998
5.77 0.0 263060.8788
5.79 0.0 238463.9593
5.83 0.0 228325.1444
5.87 0.0 217280.6650
5.89 0.0 222700.1936
5.93 0.0 208061.2912
5.96 0.0 203233.5823
6.00 0.0 198390.1928
6.03 0.0 206211.1033
6.06 0.0 194835.3216
6.10 0.0 191719.8773
6.12 0.0 186222.2537
6.16 0.0 188368.3223
6.20 0.0 173555.0266
6.22 0.0 170056.4694
6.26 0.0 166085.7444
6.29 0.0 170539.6055
6.32 0.0 183072.6693
6.36 0.0 203534.8746
6.39 0.0 236744.7646
6.43 0.0 303129.3356
6.46 0.0 383335.8774
6.49 0.0 516524.5957
6.53 0.0 694872.7276
6.55 0.0 903409.2391
6.59 0.0 1020283.8230
6.62 0.0 1065638.6180
6.65 0.0 989775.1377
6.69 0.0 823903.1381
6.72 0.0 572670.3394
6.75 0.0 376412.1505
6.79 0.0 240027.6401
6.82 0.0 161540.8546
6.86 0.0 116674.6821
6.88 0.0 99954.3938
6.92 0.0 96258.2107
6.95 0.0 92412.5000
6.98 0.0 88243.8276
7.02 0.0 84829.0546
7.05 0.0 83727.8757
7.08 0.0 81380.5156
7.12 0.0 77164.6790
7.15 0.0 75085.2948
7.19 0.0 74234.7990
7.21 0.0 71161.3220
7.25 0.0 67543.8234
7.28 0.0 65915.8996
7.31 0.0 67765.8602
7.35 0.0 65385.5322
7.38 0.0 63188.1658
7.42 0.0 62363.4065
7.45 0.0 65401.3898
7.48 0.0 64529.3924
7.52 0.0 66246.1605
7.54 0.0 69822.8343
7.57 0.0 78278.0270
7.61 0.0 82462.7258
7.64 0.0 90823.9265
7.68 0.0 97232.9640
7.71 0.0 106958.1754
7.75 0.0 102693.9895
7.78 0.0 99333.7900
7.81 0.0 90910.2382
7.85 0.0 85678.5539
7.88 0.0 69017.1247
7.91 0.0 60007.4163
7.95 0.0 51819.4071
7.97 0.0 50046.8282
8.00 0.0 45812.3471
8.04 0.0 45791.3750
8.07 0.0 47079.4353
8.11 0.0 49512.3032
8.14 0.0 48293.4026
8.18 0.0 48239.6442
8.21 0.0 47246.5744
8.24 0.0 46937.5952
8.27 0.0 43651.1936
8.30 0.0 42333.9147
8.34 0.0 40802.4895
8.37 0.0 40616.2075
8.41 0.0 37299.3987
8.43 0.0 36146.0067
8.47 0.0 35265.0389
8.50 0.0 33914.5818
8.54 0.0 31763.2030
8.57 0.0 30418.9951
8.61 0.0 29407.3318
8.63 0.0 27961.2560
8.66 0.0 26250.4438
8.70 0.0 25122.0047
8.73 0.0 24799.5321
8.77 0.0 23618.0216
8.80 0.0 22755.0142
8.84 0.0 21730.4964
8.87 0.0 22257.7942
8.89 0.0 21328.8510
8.93 0.0 20500.0025
8.96 0.0 19993.2251
9.00 0.0 20016.2402
9.03 0.0 19413.9000
9.07 0.0 18669.3533
9.09 0.0 18208.2391
9.13 0.0 18266.4618
9.16 0.0 17468.0964
9.20 0.0 16716.5156
9.23 0.0 15975.8354
9.26 0.0 16429.5024
9.29 0.0 15665.1299
9.32 0.0 15117.3198
9.36 0.0 14727.6308
9.39 0.0 15626.3005
9.43 0.0 14415.4447
9.46 0.0 14110.7372
9.50 0.0 13869.9564
9.52 0.0 14033.8174
9.55 0.0 13331.1314
9.59 0.0 12794.6190
9.62 0.0 12409.1070
9.66 0.0 12872.9643
9.69 0.0 11641.5893
9.73 0.0 11745.2818
9.75 0.0 11457.3541
9.79 0.0 11464.9281
9.82 0.0 10728.2562
9.86 0.0 10584.7298
9.88 0.0 10584.0474
9.92 0.0 10568.8323
9.96 0.0 10063.5964
9.98 0.0 9688.0998
10.00 0.0 9523.2806
10.05 0.0 9519.1847
10.10 0.0 9131.1072
10.10 0.0 8986.3656
10.15 0.0 8795.3076
10.20 0.0 8687.3632
10.20 0.0 8385.7744
10.25 0.0 8126.9947
10.30 0.0 8011.3395
10.30 0.0 7783.8973
10.35 0.0 7455.5664
10.40 0.0 7306.8770
10.40 0.0 7207.4402
10.45 0.0 6957.5090
10.50 0.0 7080.2395
10.50 0.0 6893.5456
10.55 0.0 6692.0503
10.60 0.0 6604.7178
10.60 0.0 6454.9984
10.65 0.0 6229.9392
10.70 0.0 6124.0515
10.70 0.0 6160.0776
10.75 0.0 5768.4881
10.80 0.0 5678.7601
10.80 0.0 5776.6954
10.85 0.0 5398.2405
10.90 0.0 5374.9673
10.90 0.0 5059.5087
10.95 0.0 5432.3019
11.00 0.0 5125.6102
11.00 0.0 4914.2059
11.05 0.0 4898.2225
11.10 0.0 4745.0400
11.10 0.0 4489.9595
11.15 0.0 4573.8885
11.20 0.0 4498.3230
11.20 0.0 4516.0810
11.25 0.0 4238.5993
11.30 0.0 4201.3914
11.30 0.0 4091.7643
11.35 0.0 4091.7206
11.40 0.0 3913.1705
11.40 0.0 3876.5627
11.45 0.0 3748.2770
11.50 0.0 3965.9830
11.50 0.0 3658.8517
11.55 0.0 3563.7796
11.60 0.0 3365.1282
11.60 0.0 3474.6155
11.65 0.0 3375.1061
11.70 0.0 3145.9748
11.70 0.0 3244.5307
11.75 0.0 3121.2192
11.80 0.0 2967.7563
11.80 0.0 3026.3793
11.85 0.0 2957.2196
11.90 0.0 3016.9408
11.90 0.0 2795.4631
11.95 0.0 2695.8914
12.00 0.0 2725.4427
12.00 0.0 2711.7776
12.05 0.0 2445.0014
12.10 0.0 2583.2422
12.10 0.0 2543.0479
12.10 0.0 2500.7756
12.15 0.0 2445.5933
12.20 0.0 2435.8166
12.20 0.0 2353.7477
12.25 0.0 2310.7192
12.30 0.0 2220.9304
12.30 0.0 2266.4212
12.35 0.0 2246.7736
12.40 0.0 2030.9001
12.40 0.0 2089.1809
12.45 0.0 2038.3648
12.50 0.0 2036.3736
12.50 0.0 2049.3448
12.55 0.0 1939.3221
12.60 0.0 1781.4289
12.60 0.0 1904.1467
12.65 0.0 1848.2574
12.70 0.0 1833.8609
12.70 0.0 1742.6346
12.75 0.0 1784.6645
12.80 0.0 1639.5202
12.80 0.0 1769.1548
12.85 0.0 1692.8790
12.90 0.0 1756.5947
12.90 0.0 1643.4600
12.95 0.0 1641.9389
13.00 0.0 1520.1432
13.00 0.0 1580.2443
13.05 0.0 1478.1268
13.10 0.0 1459.7119
13.10 0.0 1475.5865
13.15 0.0 1492.8348
13.20 0.0 1450.3030
13.20 0.0 1411.0135
13.25 0.0 1358.9289
13.30 0.0 1338.9323
13.30 0.0 1268.7985
13.35 0.0 1308.1153
13.40 0.0 1236.6610
13.40 0.0 1243.7494
13.45 0.0 1183.7228
13.50 0.0 1160.7009
13.50 0.0 1109.6669
13.55 0.0 1150.8062
13.60 0.0 1077.2066
13.60 0.0 1130.3669
13.65 0.0 1039.4918
13.70 0.0 1139.0779
13.70 0.0 994.2770
13.75 0.0 995.1268
13.80 0.0 1013.1035
13.80 0.0 994.9462
13.85 0.0 953.8259
13.90 0.0 1011.4643
13.90 0.0 1022.5493
13.95 0.0 977.0730
14.00 0.0 932.4441
14.00 0.0 949.5930
14.05 0.0 942.0293
14.10 0.0 917.4477
14.10 0.0 893.6994
14.15 0.0 834.3192
14.20 0.0 873.5112
14.20 0.0 848.6918
14.25 0.0 851.0306
14.30 0.0 806.4884
14.30 0.0 846.5498
14.35 0.0 819.6273
14.40 0.0 790.5084
14.40 0.0 784.9087
14.45 0.0 756.6997
14.50 0.0 769.8963
14.50 0.0 805.8644
14.55 0.0 760.0979
14.60 0.0 734.4194
14.60 0.0 688.6954
14.65 0.0 719.1944
14.70 0.0 709.9966
14.70 0.0 760.1257
14.75 0.0 651.4540
14.80 0.0 662.4177
14.80 0.0 703.0070
14.85 0.0 638.6651
14.90 0.0 670.7916
14.90 0.0 649.3030
14.95 0.0 649.1124
15.00 0.0 605.8983
15.00 0.0 595.3305
